video_link,views,likes,dislikes
https://www.youtube.com/watch?v=1Rm6-xaNVJs,748441,32723,6416
https://www.youtube.com/watch?v=MRpe43vHeRQ,2446808,42475,1436
https://www.youtube.com/watch?v=g3rmTxOiuBc,1331261,120045,3641
https://www.youtube.com/watch?v=YScWIPI1cfw,1777238,47113,937
https://www.youtube.com/watch?v=Dbz_wmJewF8,40033166,25699,2378
https://www.youtube.com/watch?v=7yyC5rFOHDU,748441,39455,7641
https://www.youtube.com/watch?v=23HCIWwh6OQ,2774646,71921,1787
https://www.youtube.com/watch?v=KqtbYNE8Occ,1777238,51991,714
https://www.youtube.com/watch?v=H0QUdrHb-dU,52367,54194,1719
https://www.youtube.com/watch?v=PdKFUFqiZQU,694545,34754,498
